((((((((((((hg38:0.0101811,
           panTro5:0.00256557):0.00168527,
          panPan2:0.00255779):0.00567544,
         gorGor5:0.00857055):0.0093291,
        ponAbe2:0.0183757):0.00328934,
       nomLeu3:0.022488):0.0111201,
      (((((rheMac8:0.00266214,
          (macFas5:0.00218171,
          macNem1:0.00424092):0.00171674):0.00606702,
         cerAty1:0.00671556):0.00164923,
        papAnu3:0.00691761):0.00171877,
       (chlSab2:0.0163497,
       manLeu1:0.00699129):0.00165863):0.00933639,
      ((nasLar1:0.00768293,
       colAng1:0.0163932):0.00167418,
      (rhiRox1:0.00213201,
      rhiBie1:0.00222829):0.00577271):0.0104228):0.0214064):0.0206136,
     (((calJac3:0.0358464,
       saiBol1:0.0324064):0.00173657,
      cebCap1:0.0283117):0.00202114,
     aotNan1:0.0232387):0.0378592):0.0606754,
    tarSyr2:0.142222):0.011174,
   (((micMur3:0.0563648,
     proCoq1:0.0388184):0.00530425,
    (eulMac1:0.00218443,
    eulFla1:0.00228562):0.0410542):0.0370791,
   otoGar3:0.132725):0.0335535):0.0178619,
  mm10:0.344583):0.0241482,
 canFam3:0.163902):0.0880829,
dasNov3:0.0880829);
